14023
-
72
%
!
5116
2150
16723
/
5117
11278
" 4853
-
- -
- - -
- - - -
- - - - -
6173
5953
29
40
1826
721
7237
318
6448
649
419
1800
12122
8227
3071
565
4002
323
675
450
3115
4358
237
2419
1687
2176
3215
15504
20
10
353
1755
4868
81372
508
2702
26923
-1111
3424
6107
3874
13195
857
169
2788
151
29665
3976
10706
1001
382
689
461
259378
991
611
1724
219
568
4132
3919
494
1200
11507
4185
1894
662
8433
9180
9068
1611
38
1328
109
527
3531
561
162
23
1704
345
1930
21606
3260
5212
1444
3848
1678
1326
790
5413
460
1812
616
9204
1431
4270
730
3130
1115
4200
451
484
687
329
10982
686
4280
6056
251
37
390
5253
2703
2869
26493
373
71
1482
54163
20628
3658
1890
695
8297
138
1979
1761
5333
2082
1668
1820
1982
14367
12709
5353
12039
15204
1489
900
690
5270
3637
1519
3157
320
6065
657
2289
7312
24
7298
15076
328
882
336
877
1698
4954
1863
9910
5196
244
444
2691
6375
1146
12357
10822
15987
150019
5418
1685
14098
12925
493
394
4151
717
22661
666
1496
5382
3038
34724
15811
10189
451712
117862
20572
15457
11696
12772
2636
101791
15333
284
-1111
552
570
9358
654
6040
5431
13
38457
5685
9733
3171
6136
4223
7673
6008
1619
512
35608
133
164
110
1142
489
387
2482
2277
9805
5039
603
11784
170
2415
715
10422
546
6629
184651
476
2031
27822
9343
874
12393
635
1679
740
7354
5183
23272
43
2989
745
417
25494
1735
1491
12868
11892
1935
569
3648
683
1571
445
1441
131
1921
5955
1680
3154
9556
4137
2824
739
600
2235
5147
1705
3254
454
120
4336
709
26547
3665
2735
101961
5151
6461
392
1604
2981
572
32718
735
1808
1
5035
1434
48100
30586
34920
7780
45
1997
352
4074
1107
6659
364
378
1557
8916
23801
1669
25295
1575
1004
3207
473
623
1773
74
2934
2676
2687
1751
7644
6406
713
707
20436
1857
538
10580
41552
1706
164595
2353
383
10073
2408
1478
5739
2935
5840
13046
3990
6438
1708
4853
10974
3602
14119
393
12056
1603
266
3570
497
8713
4606
1814
100137
3129
884
1312
95003
26724
2148
5641
10737
6061
401
11235
742
33
880
7510
414
543
44300
11549
694
1965
22817
1010
6038
2185
12474
94755
1796
1428
240
1347
5311
165
24715
2128
962
348
1809
5544
11462
5958
384
2158
2240
-1111
315
380977
2
602
12686
1644
6019
440
18937
547
15421
4269
636
9228
65342
60233
246
216
1499
270
308
944
6596
590
3116
898
1781
6072
36909
2977
52
968
2473
1694
4343
2592
699
10195
5786
8218
10561
10694
534
8088
16598
1148
9887
5902
1815
7973
43728
288
4235
1194
135
633
1743
406
332
1561
43164
8090
3247
425
560
2264
7305
5690
2390
1854
2313
718
467
795
37109
231
4023
1699
389
12459
1671
29500
6695
17
278698
3183
16245
8674
182763
16551
453
155
931
35943
872
134004
4088
6476
1633
465
458
3772
2000
41
971
1500
806
873
873
2072
3932
7186
1763
416
875
56889
13467
248017
3935
7367
72
" 4853
" 4853
-
- -
- - -
40
721
7237
649
1800
12122
8227
3071
565
675
450
3115
4358
237
2419
1687
2176
3215
15504
-1111
4016
20
10
353
1755
81372
508
2702
26923
3424
169
2788
151
382
327
611
1724
219
568
4132
3919
494
1200
11507
4185
1894
8433
9180
9068
1328
109
2211
527
2662
561
162
1624
345
1930
790
233
22677
451
31611
578
1584
3870
37
2703
2869
3121
373
1482
20628
3658
1890
13872
695
8297
8251
138
2082
1668
1820
1982
12709
5353
12039
690
1519
9678
-1111
4208
1853
11302
320
6065
24
7298
15076
12380
912
882
336
498
505
877
1863
2955
2691
1685
493
394
717
1496
5382
3038
34724
15811
10189
451712
117862
20572
11696
12772
2636
284
552
16477
570
9358
654
13
5685
9733
1673
512
133
164
110
1142
2277
715
6629
184651
476
2031
23272
2262
745
417
1735
12868
1935
45130
688
569
3648
683
1571
326
445
1441
131
1921
1680
3154
5147
1705
3254
120
4336
709
26547
2735
101961
5151
392
1604
572
32718
1
5035
1434
45
1997
352
1107
6659
364
378
1557
8916
1669
25295
1575
1004
473
1773
54
2687
1751
6406
5159
383
2408
3602
497
4606
1814
100137
3129
5641
401
742
33
849
5627
880
35163
7510
18026
414
543
11549
694
1965
22817
1010
2185
1347
165
4
348
6488
384
315
2
602
1644
6019
440
18937
547
15421
4269
636
9228
60233
246
216
14403
6558
270
308
590
3116
898
1781
6072
36909
2977
52
968
2473
3762
4343
2592
7469
8448
534
16598
1148
7973
288
4235
1194
560
2264
718
795
389
12459
1671
29500
6695
17
278698
3183
16245
8674
182763
16551
453
155
931
35943
872
134004
4088
6476
1633
465
458
41
971
1500
873
1763
416
875
56889
13467
248017
46553
183378
96878
-1111
36316
14641
21606
-1111
410486
16166
-1111
-1111
1634
5659
1430
-1111
93078
101765
-1111
139603
35282
20052
-1111
-1111
73184
12437
137376
-1111
89282
299582
-1111
98730
10255
7691
2037
13926
407748
44130
2141
2126
14615
13545
-1111
-1111
-1111
-1111
-1111
-1111
-1111
21575
-1111
2952
2064
-1111
-1111
-1111
-1111
-1111
-1111
220351
-1111
-1111
-1111
380977
65342
-1111
-1111
-1111
-1111
-1111
18384
19079
98793
298609
1502
92647
-1111
45462
231
1699
-1111
-1111
81469
5671
59697
20126
15091
-1111
-1111
15454
-1111
-1111
97143
195617
-1111
403695
-1111
-1111
270486
-1111
-1111
73186
413485
-1111
-1111
-1111
-1111
-1111
-1111
-1111
-1111
90588
540295
-1111
18559
150177
364188
80139
-1111
-1111
188581
413485 "
388050
16949
332923
1866
1940
1470
72
" 4853
" 4853
-
- -
- - -
40
721
7237
1800
8227
3071
565
2176
20
10
1755
169
14641
151
382
611
219
494
1200
1894
8433
1328
527
561
162
16166
1930
451
1546
6056
1634
37
390
5659
5253
1430
2869
373
1482
1519
24
336
877
1685
179042
493
12437
394
1655
4151
717
137376
-1111
89282
5382
3038
205468
117862
20572
11696
12772
2636
284
98730
570
44130
2141
2126
14615
654
13
512
133
13545
164
1103
110
1142
16972
1735
569
683
21575
131
1921
709
5151
392
1
5035
45
1997
1107
364
378
23801
1669
25295
1575
1004
473
1773
3602
-1111
742
-1111
-1111
220351
33
98915
414
543
165
384
315
18384
2
602
12686
1644
6019
440
547
19079
246
216
98793
298609
1502
92647
308
590
1781
52
2473
1148
7973
288
560
718
5671
795
59697
20126
15091
15089
1699
79989
389
15454
1671
90588
17
18559
155
931
872
80139
6476
465
188581
41
4542
873
16949
416
332923
1866
1940
1470
875
56889
13467
248017
40
991
23
329
71
5270
4954
5418
570
489
2482
2415
43
5955
735
74
10580
2353
4853
962
8088
8090
2390
2072
3932
3935
2
611
52
1
10
40
13
315
394
570
164
24
392
45
41
717
151
416
37
382
308
561
2636
162
336
216
795
393
5382
742
364
20
458
131
352
565
873
547
602
389
414
288
1004
654
721
872
1863
155
2691
1735
1671
705
345
874
235
709
387
11696
603
348
817
512
7351
875
519
543
451
1644
497
378
384
440
572
740
1107
460
110
473
1499
237
327
1800
135
534
284
1669
525
320
231
467
1668
454
1854
219
1755
246
2955
2685
683
1194
